name: CONFERS
channels:
  - conda-forge
  - bioconda
  - defaults
dependencies:
  - astunparse=1.6.3=pyhd8ed1ab_3
  - blosc=1.21.6=hfd34d9b_1
  - bzip2=1.0.8=h0ad9c76_8
  - c-blosc2=2.15.2=h9e57077_1
  - ca-certificates=2025.11.12=h4c7d964_0
  - hdf5=1.14.3=nompi_hb2c4d47_109
  - krb5=1.21.3=hdf4eb48_0
  - libaec=1.1.4=h20038f6_0
  - libblas=3.9.0=35_h5709861_mkl
  - libcblas=3.9.0=35_h2a3cdd5_mkl
  - libcurl=8.17.0=h43ecb02_0
  - libexpat=2.7.3=hac47afa_0
  - libffi=3.5.2=h52bdfb6_0
  - libhwloc=2.12.1=default_h64bd3f2_1002
  - libiconv=1.18=hc1393d2_2
  - liblapack=3.9.0=35_hf9ab0e9_mkl
  - liblzma=5.8.1=h2466b09_2
  - libsqlite=3.51.0=hf5d6505_0
  - libssh2=1.11.1=h9aa295b_0
  - libwinpthread=12.0.0.r4.gg4f2fc60ca=h57928b3_10
  - libxml2=2.15.1=h5d26750_0
  - libxml2-16=2.15.1=h692994f_0
  - libzlib=1.3.1=h2466b09_2
  - llvm-openmp=21.1.6=h4fa8253_0
  - lz4-c=1.10.0=h2466b09_1
  - mdtraj=1.9.9=py39hc83516f_1
  - mkl=2024.2.2=h57928b3_16
  - numexpr=2.10.2=mkl_py39h633a001_0
  - openssl=3.6.0=h725018a_0
  - packaging=25.0=pyh29332c3_1
  - pip=25.2=pyh8b19718_0
  - py-cpuinfo=9.0.0=pyhd8ed1ab_1
  - pyparsing=3.2.3=pyhe01879c_2
  - pytables=3.9.2=py39h2499b97_3
  - python=3.9.23=h8c5b53a_0_cpython
  - python-dateutil=2.9.0.post0=pyhe01879c_2
  - python-tzdata=2025.2=pyhd8ed1ab_0
  - python_abi=3.9=8_cp39
  - pytz=2025.2=pyhd8ed1ab_0
  - scipy=1.13.1=py39h1a10956_0
  - setuptools=80.9.0=pyhff2d567_0
  - six=1.17.0=pyhe01879c_1
  - snappy=1.2.2=h7fa0ca8_1
  - tbb=2021.13.0=hd094cb3_4
  - tk=8.6.13=h2c6b04d_3
  - tzdata=2025b=h78e105d_0
  - ucrt=10.0.26100.0=h57928b3_0
  - vc=14.3=h2df5915_10
  - vc14_runtime=14.44.35208=h818238b_32
  - vcomp14=14.44.35208=h818238b_32
  - wheel=0.45.1=pyhd8ed1ab_1
  - zlib=1.3.1=h2466b09_2
  - zlib-ng=2.2.5=h32d8bfd_0
  - zstd=1.5.7=hbeecb71_2
  - pip:
      - absl-py==2.3.1
      - biopython==1.81
      - cachetools==6.2.2
      - certifi==2025.11.12
      - charset-normalizer==3.4.4
      - colorama==0.4.6
      - contourpy==1.3.0
      - cycler==0.12.1
      - flatbuffers==25.9.23
      - fonttools==4.60.1
      - gast==0.4.0
      - google-auth==2.43.0
      - google-auth-oauthlib==0.4.6
      - google-pasta==0.2.0
      - grpcio==1.76.0
      - h5py==3.14.0
      - idna==3.11
      - importlib-metadata==8.7.0
      - importlib-resources==6.5.2
      - joblib==1.1.1
      - keras==2.10.0
      - keras-preprocessing==1.1.2
      - kiwisolver==1.4.7
      - libclang==18.1.1
      - markdown==3.9
      - markupsafe==3.0.3
      - matplotlib==3.7.0
      - numpy==1.24.2
      - oauthlib==3.3.1
      - opt-einsum==3.4.0
      - pandas==1.5.2
      - pillow==11.3.0
      - protobuf==3.19.6
      - pyasn1==0.6.1
      - pyasn1-modules==0.4.2
      - python-circos==0.3.0
      - requests==2.32.5
      - requests-oauthlib==2.0.0
      - rsa==4.9.1
      - scikit-learn==1.2.0
      - tensorboard==2.10.1
      - tensorboard-data-server==0.6.1
      - tensorboard-plugin-wit==1.8.1
      - tensorflow==2.10.0
      - tensorflow-estimator==2.10.0
      - tensorflow-io-gcs-filesystem==0.31.0
      - termcolor==3.1.0
      - threadpoolctl==3.6.0
      - tqdm==4.65.0
      - typing-extensions==4.15.0
      - urllib3==2.5.0
      - werkzeug==3.1.3
      - wrapt==2.0.1
      - zipp==3.23.0

